# MM exon.mm 64
AAA 0.373955 0.164708 0.176472 0.284866 
AAC 0.340083 0.169040 0.172857 0.318020 
AAG 0.390757 0.199461 0.159900 0.249882 
AAT 0.202880 0.204546 0.260161 0.332412 
ACA 0.407264 0.169211 0.173324 0.250201 
ACC 0.391476 0.153694 0.221400 0.233430 
ACG 0.386647 0.157562 0.210862 0.244930 
ACT 0.195740 0.216291 0.249770 0.338199 
AGA 0.432727 0.138819 0.183569 0.244884 
AGC 0.353112 0.197564 0.129017 0.320307 
AGG 0.543921 0.168968 0.124768 0.162342 
AGT 0.192204 0.184386 0.232769 0.390641 
ATA 0.317498 0.189785 0.113997 0.378720 
ATC 0.366388 0.183620 0.200548 0.249444 
ATG 0.320659 0.191312 0.244159 0.243870 
ATT 0.155056 0.240370 0.235205 0.369369 
CAA 0.337973 0.199725 0.182332 0.279969 
CAC 0.330381 0.223953 0.160493 0.285174 
CAG 0.335673 0.231357 0.145298 0.287672 
CAT 0.162196 0.262630 0.206524 0.368650 
CCA 0.361730 0.205739 0.206295 0.226236 
CCC 0.378716 0.191101 0.231033 0.199151 
CCG 0.376363 0.184320 0.210484 0.228832 
CCT 0.204044 0.251645 0.268697 0.275614 
CGA 0.340803 0.180491 0.207971 0.270736 
CGC 0.283068 0.284201 0.158459 0.274272 
CGG 0.457581 0.191602 0.148956 0.201861 
CGT 0.159298 0.272698 0.256687 0.311317 
CTA 0.211337 0.324904 0.126095 0.337663 
CTC 0.327510 0.233342 0.189664 0.249484 
CTG 0.300247 0.224439 0.243535 0.231779 
CTT 0.132843 0.334193 0.227985 0.304980 
GAA 0.373512 0.143026 0.254027 0.229435 
GAC 0.355266 0.157797 0.233692 0.253244 
GAG 0.366684 0.242109 0.188285 0.202922 
GAT 0.195664 0.200012 0.289742 0.314583 
GCA 0.385865 0.174045 0.216662 0.223429 
GCC 0.389832 0.155815 0.248880 0.205473 
GCG 0.375473 0.152052 0.245342 0.227133 
GCT 0.153488 0.304683 0.273112 0.268716 
GGA 0.374670 0.128997 0.236013 0.260320 
GGC 0.329726 0.161650 0.193270 0.315353 
GGG 0.459807 0.190342 0.139525 0.210327 
GGT 0.170318 0.199546 0.298417 0.331718 
GTA 0.241892 0.250322 0.145437 0.362350 
GTC 0.359070 0.161987 0.215411 0.263531 
GTG 0.295876 0.201257 0.257475 0.245391 
GTT 0.152724 0.252891 0.252984 0.341401 
TAA 0.375174 0.166128 0.122321 0.336376 
TAC 0.349824 0.187414 0.168803 0.293958 
TAG 0.383722 0.198778 0.109328 0.308173 
TAT 0.168440 0.214585 0.225391 0.391584 
TCA 0.413081 0.168250 0.169212 0.249457 
TCC 0.406271 0.165274 0.207692 0.220763 
TCG 0.398761 0.153524 0.208025 0.239690 
TCT 0.194810 0.253697 0.231603 0.319891 
TGA 0.393784 0.149768 0.156280 0.300168 
TGC 0.343544 0.198002 0.127742 0.330712 
TGG 0.481453 0.175934 0.136940 0.205673 
TGT 0.197806 0.205655 0.249587 0.346952 
TTA 0.262007 0.207019 0.101736 0.429238 
TTC 0.340601 0.203292 0.164376 0.291731 
TTG 0.308824 0.194967 0.232168 0.264041 
TTT 0.156908 0.228717 0.233596 0.380779 
