# MM intron.mm 64
AAA 0.503131 0.114651 0.082669 0.299548 
AAC 0.332551 0.161167 0.121324 0.384957 
AAG 0.284978 0.198260 0.128605 0.388157 
AAT 0.227009 0.133267 0.130626 0.509098 
ACA 0.394710 0.154714 0.150847 0.299729 
ACC 0.337582 0.194060 0.169142 0.299216 
ACG 0.289518 0.198858 0.198134 0.313490 
ACT 0.245961 0.150533 0.199035 0.404471 
AGA 0.463342 0.139882 0.155390 0.241385 
AGC 0.304429 0.209378 0.147743 0.338449 
AGG 0.257295 0.305500 0.170499 0.266707 
AGT 0.236084 0.130968 0.170275 0.462673 
ATA 0.367445 0.135099 0.138430 0.359026 
ATC 0.363802 0.152607 0.175765 0.307826 
ATG 0.324356 0.171966 0.156758 0.346920 
ATT 0.180250 0.137771 0.140631 0.541348 
CAA 0.514742 0.121827 0.104538 0.258893 
CAC 0.344211 0.191803 0.164932 0.299053 
CAG 0.340842 0.177340 0.163945 0.317872 
CAT 0.260458 0.134562 0.166776 0.438204 
CCA 0.446372 0.178775 0.152871 0.221982 
CCC 0.346083 0.229838 0.196096 0.227983 
CCG 0.348249 0.211761 0.230142 0.209848 
CCT 0.354299 0.169624 0.197404 0.278673 
CGA 0.433042 0.142435 0.152866 0.271658 
CGC 0.287900 0.248646 0.212812 0.250642 
CGG 0.292544 0.299531 0.175799 0.232126 
CGT 0.260260 0.165425 0.221201 0.353114 
CTA 0.370298 0.195034 0.184090 0.250579 
CTC 0.369702 0.185172 0.159837 0.285289 
CTG 0.386728 0.179115 0.163014 0.271142 
CTT 0.209856 0.178332 0.165980 0.445831 
GAA 0.555796 0.104867 0.108360 0.230976 
GAC 0.363245 0.194028 0.164611 0.278116 
GAG 0.365464 0.215757 0.148001 0.270777 
GAT 0.258585 0.139743 0.146668 0.455004 
GCA 0.426944 0.160110 0.171851 0.241094 
GCC 0.296587 0.140940 0.255533 0.306940 
GCG 0.255789 0.257615 0.241280 0.245316 
GCT 0.220302 0.217198 0.203608 0.358892 
GGA 0.523108 0.110321 0.172878 0.193693 
GGC 0.375845 0.181615 0.184473 0.258067 
GGG 0.330981 0.179327 0.230917 0.258774 
GGT 0.254173 0.163402 0.209822 0.372603 
GTA 0.322953 0.171411 0.248520 0.257117 
GTC 0.361001 0.150243 0.193425 0.295331 
GTG 0.302941 0.193878 0.208463 0.294718 
GTT 0.187146 0.149970 0.166531 0.496353 
TAA 0.480048 0.123326 0.111276 0.285350 
TAC 0.369017 0.177734 0.135172 0.318076 
TAG 0.335502 0.150411 0.219226 0.294860 
TAT 0.263283 0.144980 0.146476 0.445261 
TCA 0.468815 0.135331 0.171749 0.224105 
TCC 0.374771 0.198652 0.192022 0.234555 
TCG 0.393439 0.163102 0.230221 0.213238 
TCT 0.282497 0.200264 0.221177 0.296062 
TGA 0.489890 0.123962 0.154255 0.231893 
TGC 0.324263 0.266236 0.153738 0.255763 
TGG 0.332789 0.220669 0.192906 0.253636 
TGT 0.279195 0.159040 0.182889 0.378876 
TTA 0.408042 0.130486 0.157421 0.304051 
TTC 0.379951 0.188272 0.147635 0.284141 
TTG 0.384526 0.177224 0.178347 0.259904 
TTT 0.171770 0.170464 0.156932 0.500834 
